1|1019|1
2|1019|2
3|1019|3
4|1019|4
5|1019|5
6|1019|6
7|1019|7
8|1019|8
9|1019|9
10|1019|10
11|1019|11
12|1019|12
13|1019|13
14|1019|14
15|1019|15
16|1019|16
17|1019|17
18|1019|18
19|1019|19
20|1019|20
21|1019|21
22|1019|22
23|1019|23
24|1019|24
25|1019|25
26|1019|26
27|1019|27
28|1019|28
29|1019|29
30|1019|30
31|1019|31
32|1019|32
33|1019|33
34|1019|34
35|1019|35
36|1019|36
37|1019|37
38|1019|38
39|1019|39
40|1019|40
41|1019|41
42|1019|42
43|1019|43
44|1019|44
45|1019|45
46|1019|46
47|1019|47
48|1019|48
49|1019|49
50|1019|50
51|1019|51
52|1019|52
53|1019|53
54|1019|54
55|1019|55
56|1019|56
57|1019|57
58|1019|58
59|1019|59
60|1019|60
61|1019|61
62|1019|62
63|1019|63
64|1019|64
65|1019|65
66|1019|66
67|1019|67
68|1019|68
69|1019|69
70|1019|70
71|1019|71
72|1019|72
73|1019|73
74|1019|74
75|1019|75
76|1019|76
77|1019|77
78|1019|78
79|1019|79
80|1019|80
81|1019|81
82|1019|82
83|1019|83
84|1019|84
85|1019|85
86|1019|86
87|1019|87
88|1019|88
89|1019|89
90|1019|90
91|1019|91
92|1019|92
93|1019|93
94|1019|94
95|1019|95
96|1019|96
97|1019|97
98|1019|98
99|1019|99
100|1019|100
101|1019|101
102|1019|102
103|1019|103
104|1019|104
105|1019|105
106|1019|106
107|1019|107
108|1019|108
109|1019|109
110|1019|110
111|1019|111
112|1019|112
113|1019|113
114|1019|114
115|1019|115
116|1019|116
117|1019|117
